77.36669165580992
85.64710381281078
91.08598528421906
77.02121973190486
84.444770563864
78.90250846276547
81.83889011156569
89.52722353358538
80.45996466188285
80.25538613267175
82.58718788576697
91.74522227386623
78.8186481154714
80.89483904276597
80.25088029493325
79.35662372093823
84.12072037892031
82.01592558920893
85.9925821322134
85.03097773565516
79.34605383885507
82.45508000596176
84.64442580942189
78.15103099186177
81.12398794355805
84.05240132395116
79.92980636921628
78.14988199473147
77.35253764881124
81.6195452533866
85.17632514435644
82.22087762381484
78.3455258119645
80.82482515870802
78.08576138428361
79.24795182781479
79.69370169713065
80.83557746073494
85.25350771066674
78.72904464959663
86.76754662439741
84.80096588391966
80.72104406876204
85.24218455921532
79.27821186436654
78.15450783687082
80.86554275865443
79.63555063625094
75.36425445430216
82.9820537220777
